3.07729,-1.58436,-1.5333
3.07729,-1.58436,-1.5301
3.07729,-1.58436,-1.5269
3.07729,-1.58436,-1.5237
3.07729,-1.58436,-1.5205
3.07729,-1.58436,-1.5173
3.07729,-1.58436,-1.5141
3.07729,-1.58436,-1.5109
3.07729,-1.58436,-1.5077
3.07729,-1.58436,-1.5045
3.07729,-1.58116,-1.5333
3.07729,-1.58116,-1.5301
3.07729,-1.58116,-1.5269
3.07729,-1.58116,-1.5237
3.07729,-1.58116,-1.5205
3.07729,-1.58116,-1.5173
3.07729,-1.58116,-1.5141
3.07729,-1.58116,-1.5109
3.07729,-1.58116,-1.5077
3.07729,-1.58116,-1.5045
3.07729,-1.57796,-1.5333
3.07729,-1.57796,-1.5301
3.07729,-1.57796,-1.5269
3.07729,-1.57796,-1.5237
3.07729,-1.57796,-1.5205
3.07729,-1.57796,-1.5173
3.07729,-1.57796,-1.5141
3.07729,-1.57796,-1.5109
3.07729,-1.57796,-1.5077
3.07729,-1.57796,-1.5045
3.07729,-1.57476,-1.5333
3.07729,-1.57476,-1.5301
3.07729,-1.57476,-1.5269
3.07729,-1.57476,-1.5237
3.07729,-1.57476,-1.5205
3.07729,-1.57476,-1.5173
3.07729,-1.57476,-1.5141
3.07729,-1.57476,-1.5109
3.07729,-1.57476,-1.5077
3.07729,-1.57476,-1.5045
3.07729,-1.57156,-1.5333
3.07729,-1.57156,-1.5301
3.07729,-1.57156,-1.5269
3.07729,-1.57156,-1.5237
3.07729,-1.57156,-1.5205
3.07729,-1.57156,-1.5173
3.07729,-1.57156,-1.5141
3.07729,-1.57156,-1.5109
3.07729,-1.57156,-1.5077
3.07729,-1.57156,-1.5045
3.07729,-1.56836,-1.5333
3.07729,-1.56836,-1.5301
3.07729,-1.56836,-1.5269
3.07729,-1.56836,-1.5237
3.07729,-1.56836,-1.5205
3.07729,-1.56836,-1.5173
3.07729,-1.56836,-1.5141
3.07729,-1.56836,-1.5109
3.07729,-1.56836,-1.5077
3.07729,-1.56836,-1.5045
3.07729,-1.56516,-1.5333
3.07729,-1.56516,-1.5301
3.07729,-1.56516,-1.5269
3.07729,-1.56516,-1.5237
3.07729,-1.56516,-1.5205
3.07729,-1.56516,-1.5173
3.07729,-1.56516,-1.5141
3.07729,-1.56516,-1.5109
3.07729,-1.56516,-1.5077
3.07729,-1.56516,-1.5045
3.07729,-1.56196,-1.5333
3.07729,-1.56196,-1.5301
3.07729,-1.56196,-1.5269
3.07729,-1.56196,-1.5237
3.07729,-1.56196,-1.5205
3.07729,-1.56196,-1.5173
3.07729,-1.56196,-1.5141
3.07729,-1.56196,-1.5109
3.07729,-1.56196,-1.5077
3.07729,-1.56196,-1.5045
3.07729,-1.55876,-1.5333
3.07729,-1.55876,-1.5301
3.07729,-1.55876,-1.5269
3.07729,-1.55876,-1.5237
3.07729,-1.55876,-1.5205
3.07729,-1.55876,-1.5173
3.07729,-1.55876,-1.5141
3.07729,-1.55876,-1.5109
3.07729,-1.55876,-1.5077
3.07729,-1.55876,-1.5045
3.07729,-1.55556,-1.5333
3.07729,-1.55556,-1.5301
3.07729,-1.55556,-1.5269
3.07729,-1.55556,-1.5237
3.07729,-1.55556,-1.5205
3.07729,-1.55556,-1.5173
3.07729,-1.55556,-1.5141
3.07729,-1.55556,-1.5109
3.07729,-1.55556,-1.5077
3.07729,-1.55556,-1.5045
3.08049,-1.58436,-1.5333
3.08049,-1.58436,-1.5301
3.08049,-1.58436,-1.5269
3.08049,-1.58436,-1.5237
3.08049,-1.58436,-1.5205
3.08049,-1.58436,-1.5173
3.08049,-1.58436,-1.5141
3.08049,-1.58436,-1.5109
3.08049,-1.58436,-1.5077
3.08049,-1.58436,-1.5045
3.08049,-1.58116,-1.5333
3.08049,-1.58116,-1.5301
3.08049,-1.58116,-1.5269
3.08049,-1.58116,-1.5237
3.08049,-1.58116,-1.5205
3.08049,-1.58116,-1.5173
3.08049,-1.58116,-1.5141
3.08049,-1.58116,-1.5109
3.08049,-1.58116,-1.5077
3.08049,-1.58116,-1.5045
3.08049,-1.57796,-1.5333
3.08049,-1.57796,-1.5301
3.08049,-1.57796,-1.5269
3.08049,-1.57796,-1.5237
3.08049,-1.57796,-1.5205
3.08049,-1.57796,-1.5173
3.08049,-1.57796,-1.5141
3.08049,-1.57796,-1.5109
3.08049,-1.57796,-1.5077
3.08049,-1.57796,-1.5045
3.08049,-1.57476,-1.5333
3.08049,-1.57476,-1.5301
3.08049,-1.57476,-1.5269
3.08049,-1.57476,-1.5237
3.08049,-1.57476,-1.5205
3.08049,-1.57476,-1.5173
3.08049,-1.57476,-1.5141
3.08049,-1.57476,-1.5109
3.08049,-1.57476,-1.5077
3.08049,-1.57476,-1.5045
3.08049,-1.57156,-1.5333
3.08049,-1.57156,-1.5301
3.08049,-1.57156,-1.5269
3.08049,-1.57156,-1.5237
3.08049,-1.57156,-1.5205
3.08049,-1.57156,-1.5173
3.08049,-1.57156,-1.5141
3.08049,-1.57156,-1.5109
3.08049,-1.57156,-1.5077
3.08049,-1.57156,-1.5045
3.08049,-1.56836,-1.5333
3.08049,-1.56836,-1.5301
3.08049,-1.56836,-1.5269
3.08049,-1.56836,-1.5237
3.08049,-1.56836,-1.5205
3.08049,-1.56836,-1.5173
3.08049,-1.56836,-1.5141
3.08049,-1.56836,-1.5109
3.08049,-1.56836,-1.5077
3.08049,-1.56836,-1.5045
3.08049,-1.56516,-1.5333
3.08049,-1.56516,-1.5301
3.08049,-1.56516,-1.5269
3.08049,-1.56516,-1.5237
3.08049,-1.56516,-1.5205
3.08049,-1.56516,-1.5173
3.08049,-1.56516,-1.5141
3.08049,-1.56516,-1.5109
3.08049,-1.56516,-1.5077
3.08049,-1.56516,-1.5045
3.08049,-1.56196,-1.5333
3.08049,-1.56196,-1.5301
3.08049,-1.56196,-1.5269
3.08049,-1.56196,-1.5237
3.08049,-1.56196,-1.5205
3.08049,-1.56196,-1.5173
3.08049,-1.56196,-1.5141
3.08049,-1.56196,-1.5109
3.08049,-1.56196,-1.5077
3.08049,-1.56196,-1.5045
3.08049,-1.55876,-1.5333
3.08049,-1.55876,-1.5301
3.08049,-1.55876,-1.5269
3.08049,-1.55876,-1.5237
3.08049,-1.55876,-1.5205
3.08049,-1.55876,-1.5173
3.08049,-1.55876,-1.5141
3.08049,-1.55876,-1.5109
3.08049,-1.55876,-1.5077
3.08049,-1.55876,-1.5045
3.08049,-1.55556,-1.5333
3.08049,-1.55556,-1.5301
3.08049,-1.55556,-1.5269
3.08049,-1.55556,-1.5237
3.08049,-1.55556,-1.5205
3.08049,-1.55556,-1.5173
3.08049,-1.55556,-1.5141
3.08049,-1.55556,-1.5109
3.08049,-1.55556,-1.5077
3.08049,-1.55556,-1.5045
3.08369,-1.58436,-1.5333
3.08369,-1.58436,-1.5301
3.08369,-1.58436,-1.5269
3.08369,-1.58436,-1.5237
3.08369,-1.58436,-1.5205
3.08369,-1.58436,-1.5173
3.08369,-1.58436,-1.5141
3.08369,-1.58436,-1.5109
3.08369,-1.58436,-1.5077
3.08369,-1.58436,-1.5045
3.08369,-1.58116,-1.5333
3.08369,-1.58116,-1.5301
3.08369,-1.58116,-1.5269
3.08369,-1.58116,-1.5237
3.08369,-1.58116,-1.5205
3.08369,-1.58116,-1.5173
3.08369,-1.58116,-1.5141
3.08369,-1.58116,-1.5109
3.08369,-1.58116,-1.5077
3.08369,-1.58116,-1.5045
3.08369,-1.57796,-1.5333
3.08369,-1.57796,-1.5301
3.08369,-1.57796,-1.5269
3.08369,-1.57796,-1.5237
3.08369,-1.57796,-1.5205
3.08369,-1.57796,-1.5173
3.08369,-1.57796,-1.5141
3.08369,-1.57796,-1.5109
3.08369,-1.57796,-1.5077
3.08369,-1.57796,-1.5045
3.08369,-1.57476,-1.5333
3.08369,-1.57476,-1.5301
3.08369,-1.57476,-1.5269
3.08369,-1.57476,-1.5237
3.08369,-1.57476,-1.5205
3.08369,-1.57476,-1.5173
3.08369,-1.57476,-1.5141
3.08369,-1.57476,-1.5109
3.08369,-1.57476,-1.5077
3.08369,-1.57476,-1.5045
3.08369,-1.57156,-1.5333
3.08369,-1.57156,-1.5301
3.08369,-1.57156,-1.5269
3.08369,-1.57156,-1.5237
3.08369,-1.57156,-1.5205
3.08369,-1.57156,-1.5173
3.08369,-1.57156,-1.5141
3.08369,-1.57156,-1.5109
3.08369,-1.57156,-1.5077
3.08369,-1.57156,-1.5045
3.08369,-1.56836,-1.5333
3.08369,-1.56836,-1.5301
3.08369,-1.56836,-1.5269
3.08369,-1.56836,-1.5237
3.08369,-1.56836,-1.5205
3.08369,-1.56836,-1.5173
3.08369,-1.56836,-1.5141
3.08369,-1.56836,-1.5109
3.08369,-1.56836,-1.5077
3.08369,-1.56836,-1.5045
3.08369,-1.56516,-1.5333
3.08369,-1.56516,-1.5301
3.08369,-1.56516,-1.5269
3.08369,-1.56516,-1.5237
3.08369,-1.56516,-1.5205
3.08369,-1.56516,-1.5173
3.08369,-1.56516,-1.5141
3.08369,-1.56516,-1.5109
3.08369,-1.56516,-1.5077
3.08369,-1.56516,-1.5045
3.08369,-1.56196,-1.5333
3.08369,-1.56196,-1.5301
3.08369,-1.56196,-1.5269
3.08369,-1.56196,-1.5237
3.08369,-1.56196,-1.5205
3.08369,-1.56196,-1.5173
3.08369,-1.56196,-1.5141
3.08369,-1.56196,-1.5109
3.08369,-1.56196,-1.5077
3.08369,-1.56196,-1.5045
3.08369,-1.55876,-1.5333
3.08369,-1.55876,-1.5301
3.08369,-1.55876,-1.5269
3.08369,-1.55876,-1.5237
3.08369,-1.55876,-1.5205
3.08369,-1.55876,-1.5173
3.08369,-1.55876,-1.5141
3.08369,-1.55876,-1.5109
3.08369,-1.55876,-1.5077
3.08369,-1.55876,-1.5045
3.08369,-1.55556,-1.5333
3.08369,-1.55556,-1.5301
3.08369,-1.55556,-1.5269
3.08369,-1.55556,-1.5237
3.08369,-1.55556,-1.5205
3.08369,-1.55556,-1.5173
3.08369,-1.55556,-1.5141
3.08369,-1.55556,-1.5109
3.08369,-1.55556,-1.5077
3.08369,-1.55556,-1.5045
3.08689,-1.58436,-1.5333
3.08689,-1.58436,-1.5301
3.08689,-1.58436,-1.5269
3.08689,-1.58436,-1.5237
3.08689,-1.58436,-1.5205
3.08689,-1.58436,-1.5173
3.08689,-1.58436,-1.5141
3.08689,-1.58436,-1.5109
3.08689,-1.58436,-1.5077
3.08689,-1.58436,-1.5045
3.08689,-1.58116,-1.5333
3.08689,-1.58116,-1.5301
3.08689,-1.58116,-1.5269
3.08689,-1.58116,-1.5237
3.08689,-1.58116,-1.5205
3.08689,-1.58116,-1.5173
3.08689,-1.58116,-1.5141
3.08689,-1.58116,-1.5109
3.08689,-1.58116,-1.5077
3.08689,-1.58116,-1.5045
3.08689,-1.57796,-1.5333
3.08689,-1.57796,-1.5301
3.08689,-1.57796,-1.5269
3.08689,-1.57796,-1.5237
3.08689,-1.57796,-1.5205
3.08689,-1.57796,-1.5173
3.08689,-1.57796,-1.5141
3.08689,-1.57796,-1.5109
3.08689,-1.57796,-1.5077
3.08689,-1.57796,-1.5045
3.08689,-1.57476,-1.5333
3.08689,-1.57476,-1.5301
3.08689,-1.57476,-1.5269
3.08689,-1.57476,-1.5237
3.08689,-1.57476,-1.5205
3.08689,-1.57476,-1.5173
3.08689,-1.57476,-1.5141
3.08689,-1.57476,-1.5109
3.08689,-1.57476,-1.5077
3.08689,-1.57476,-1.5045
3.08689,-1.57156,-1.5333
3.08689,-1.57156,-1.5301
3.08689,-1.57156,-1.5269
3.08689,-1.57156,-1.5237
3.08689,-1.57156,-1.5205
3.08689,-1.57156,-1.5173
3.08689,-1.57156,-1.5141
3.08689,-1.57156,-1.5109
3.08689,-1.57156,-1.5077
3.08689,-1.57156,-1.5045
3.08689,-1.56836,-1.5333
3.08689,-1.56836,-1.5301
3.08689,-1.56836,-1.5269
3.08689,-1.56836,-1.5237
3.08689,-1.56836,-1.5205
3.08689,-1.56836,-1.5173
3.08689,-1.56836,-1.5141
3.08689,-1.56836,-1.5109
3.08689,-1.56836,-1.5077
3.08689,-1.56836,-1.5045
3.08689,-1.56516,-1.5333
3.08689,-1.56516,-1.5301
3.08689,-1.56516,-1.5269
3.08689,-1.56516,-1.5237
3.08689,-1.56516,-1.5205
3.08689,-1.56516,-1.5173
3.08689,-1.56516,-1.5141
3.08689,-1.56516,-1.5109
3.08689,-1.56516,-1.5077
3.08689,-1.56516,-1.5045
3.08689,-1.56196,-1.5333
3.08689,-1.56196,-1.5301
3.08689,-1.56196,-1.5269
3.08689,-1.56196,-1.5237
3.08689,-1.56196,-1.5205
3.08689,-1.56196,-1.5173
3.08689,-1.56196,-1.5141
3.08689,-1.56196,-1.5109
3.08689,-1.56196,-1.5077
3.08689,-1.56196,-1.5045
3.08689,-1.55876,-1.5333
3.08689,-1.55876,-1.5301
3.08689,-1.55876,-1.5269
3.08689,-1.55876,-1.5237
3.08689,-1.55876,-1.5205
3.08689,-1.55876,-1.5173
3.08689,-1.55876,-1.5141
3.08689,-1.55876,-1.5109
3.08689,-1.55876,-1.5077
3.08689,-1.55876,-1.5045
3.08689,-1.55556,-1.5333
3.08689,-1.55556,-1.5301
3.08689,-1.55556,-1.5269
3.08689,-1.55556,-1.5237
3.08689,-1.55556,-1.5205
3.08689,-1.55556,-1.5173
3.08689,-1.55556,-1.5141
3.08689,-1.55556,-1.5109
3.08689,-1.55556,-1.5077
3.08689,-1.55556,-1.5045
3.09009,-1.58436,-1.5333
3.09009,-1.58436,-1.5301
3.09009,-1.58436,-1.5269
3.09009,-1.58436,-1.5237
3.09009,-1.58436,-1.5205
3.09009,-1.58436,-1.5173
3.09009,-1.58436,-1.5141
3.09009,-1.58436,-1.5109
3.09009,-1.58436,-1.5077
3.09009,-1.58436,-1.5045
3.09009,-1.58116,-1.5333
3.09009,-1.58116,-1.5301
3.09009,-1.58116,-1.5269
3.09009,-1.58116,-1.5237
3.09009,-1.58116,-1.5205
3.09009,-1.58116,-1.5173
3.09009,-1.58116,-1.5141
3.09009,-1.58116,-1.5109
3.09009,-1.58116,-1.5077
3.09009,-1.58116,-1.5045
3.09009,-1.57796,-1.5333
3.09009,-1.57796,-1.5301
3.09009,-1.57796,-1.5269
3.09009,-1.57796,-1.5237
3.09009,-1.57796,-1.5205
3.09009,-1.57796,-1.5173
3.09009,-1.57796,-1.5141
3.09009,-1.57796,-1.5109
3.09009,-1.57796,-1.5077
3.09009,-1.57796,-1.5045
3.09009,-1.57476,-1.5333
3.09009,-1.57476,-1.5301
3.09009,-1.57476,-1.5269
3.09009,-1.57476,-1.5237
3.09009,-1.57476,-1.5205
3.09009,-1.57476,-1.5173
3.09009,-1.57476,-1.5141
3.09009,-1.57476,-1.5109
3.09009,-1.57476,-1.5077
3.09009,-1.57476,-1.5045
3.09009,-1.57156,-1.5333
3.09009,-1.57156,-1.5301
3.09009,-1.57156,-1.5269
3.09009,-1.57156,-1.5237
3.09009,-1.57156,-1.5205
3.09009,-1.57156,-1.5173
3.09009,-1.57156,-1.5141
3.09009,-1.57156,-1.5109
3.09009,-1.57156,-1.5077
3.09009,-1.57156,-1.5045
3.09009,-1.56836,-1.5333
3.09009,-1.56836,-1.5301
3.09009,-1.56836,-1.5269
3.09009,-1.56836,-1.5237
3.09009,-1.56836,-1.5205
3.09009,-1.56836,-1.5173
3.09009,-1.56836,-1.5141
3.09009,-1.56836,-1.5109
3.09009,-1.56836,-1.5077
3.09009,-1.56836,-1.5045
3.09009,-1.56516,-1.5333
3.09009,-1.56516,-1.5301
3.09009,-1.56516,-1.5269
3.09009,-1.56516,-1.5237
3.09009,-1.56516,-1.5205
3.09009,-1.56516,-1.5173
3.09009,-1.56516,-1.5141
3.09009,-1.56516,-1.5109
3.09009,-1.56516,-1.5077
3.09009,-1.56516,-1.5045
3.09009,-1.56196,-1.5333
3.09009,-1.56196,-1.5301
3.09009,-1.56196,-1.5269
3.09009,-1.56196,-1.5237
3.09009,-1.56196,-1.5205
3.09009,-1.56196,-1.5173
3.09009,-1.56196,-1.5141
3.09009,-1.56196,-1.5109
3.09009,-1.56196,-1.5077
3.09009,-1.56196,-1.5045
3.09009,-1.55876,-1.5333
3.09009,-1.55876,-1.5301
3.09009,-1.55876,-1.5269
3.09009,-1.55876,-1.5237
3.09009,-1.55876,-1.5205
3.09009,-1.55876,-1.5173
3.09009,-1.55876,-1.5141
3.09009,-1.55876,-1.5109
3.09009,-1.55876,-1.5077
3.09009,-1.55876,-1.5045
3.09009,-1.55556,-1.5333
3.09009,-1.55556,-1.5301
3.09009,-1.55556,-1.5269
3.09009,-1.55556,-1.5237
3.09009,-1.55556,-1.5205
3.09009,-1.55556,-1.5173
3.09009,-1.55556,-1.5141
3.09009,-1.55556,-1.5109
3.09009,-1.55556,-1.5077
3.09009,-1.55556,-1.5045
3.09329,-1.58436,-1.5333
3.09329,-1.58436,-1.5301
3.09329,-1.58436,-1.5269
3.09329,-1.58436,-1.5237
3.09329,-1.58436,-1.5205
3.09329,-1.58436,-1.5173
3.09329,-1.58436,-1.5141
3.09329,-1.58436,-1.5109
3.09329,-1.58436,-1.5077
3.09329,-1.58436,-1.5045
3.09329,-1.58116,-1.5333
3.09329,-1.58116,-1.5301
3.09329,-1.58116,-1.5269
3.09329,-1.58116,-1.5237
3.09329,-1.58116,-1.5205
3.09329,-1.58116,-1.5173
3.09329,-1.58116,-1.5141
3.09329,-1.58116,-1.5109
3.09329,-1.58116,-1.5077
3.09329,-1.58116,-1.5045
3.09329,-1.57796,-1.5333
3.09329,-1.57796,-1.5301
3.09329,-1.57796,-1.5269
3.09329,-1.57796,-1.5237
3.09329,-1.57796,-1.5205
3.09329,-1.57796,-1.5173
3.09329,-1.57796,-1.5141
3.09329,-1.57796,-1.5109
3.09329,-1.57796,-1.5077
3.09329,-1.57796,-1.5045
3.09329,-1.57476,-1.5333
3.09329,-1.57476,-1.5301
3.09329,-1.57476,-1.5269
3.09329,-1.57476,-1.5237
3.09329,-1.57476,-1.5205
3.09329,-1.57476,-1.5173
3.09329,-1.57476,-1.5141
3.09329,-1.57476,-1.5109
3.09329,-1.57476,-1.5077
3.09329,-1.57476,-1.5045
3.09329,-1.57156,-1.5333
3.09329,-1.57156,-1.5301
3.09329,-1.57156,-1.5269
3.09329,-1.57156,-1.5237
3.09329,-1.57156,-1.5205
3.09329,-1.57156,-1.5173
3.09329,-1.57156,-1.5141
3.09329,-1.57156,-1.5109
3.09329,-1.57156,-1.5077
3.09329,-1.57156,-1.5045
3.09329,-1.56836,-1.5333
3.09329,-1.56836,-1.5301
3.09329,-1.56836,-1.5269
3.09329,-1.56836,-1.5237
3.09329,-1.56836,-1.5205
3.09329,-1.56836,-1.5173
3.09329,-1.56836,-1.5141
3.09329,-1.56836,-1.5109
3.09329,-1.56836,-1.5077
3.09329,-1.56836,-1.5045
3.09329,-1.56516,-1.5333
3.09329,-1.56516,-1.5301
3.09329,-1.56516,-1.5269
3.09329,-1.56516,-1.5237
3.09329,-1.56516,-1.5205
3.09329,-1.56516,-1.5173
3.09329,-1.56516,-1.5141
3.09329,-1.56516,-1.5109
3.09329,-1.56516,-1.5077
3.09329,-1.56516,-1.5045
3.09329,-1.56196,-1.5333
3.09329,-1.56196,-1.5301
3.09329,-1.56196,-1.5269
3.09329,-1.56196,-1.5237
3.09329,-1.56196,-1.5205
3.09329,-1.56196,-1.5173
3.09329,-1.56196,-1.5141
3.09329,-1.56196,-1.5109
3.09329,-1.56196,-1.5077
3.09329,-1.56196,-1.5045
3.09329,-1.55876,-1.5333
3.09329,-1.55876,-1.5301
3.09329,-1.55876,-1.5269
3.09329,-1.55876,-1.5237
3.09329,-1.55876,-1.5205
3.09329,-1.55876,-1.5173
3.09329,-1.55876,-1.5141
3.09329,-1.55876,-1.5109
3.09329,-1.55876,-1.5077
3.09329,-1.55876,-1.5045
3.09329,-1.55556,-1.5333
3.09329,-1.55556,-1.5301
3.09329,-1.55556,-1.5269
3.09329,-1.55556,-1.5237
3.09329,-1.55556,-1.5205
3.09329,-1.55556,-1.5173
3.09329,-1.55556,-1.5141
3.09329,-1.55556,-1.5109
3.09329,-1.55556,-1.5077
3.09329,-1.55556,-1.5045
3.09649,-1.58436,-1.5333
3.09649,-1.58436,-1.5301
3.09649,-1.58436,-1.5269
3.09649,-1.58436,-1.5237
3.09649,-1.58436,-1.5205
3.09649,-1.58436,-1.5173
3.09649,-1.58436,-1.5141
3.09649,-1.58436,-1.5109
3.09649,-1.58436,-1.5077
3.09649,-1.58436,-1.5045
3.09649,-1.58116,-1.5333
3.09649,-1.58116,-1.5301
3.09649,-1.58116,-1.5269
3.09649,-1.58116,-1.5237
3.09649,-1.58116,-1.5205
3.09649,-1.58116,-1.5173
3.09649,-1.58116,-1.5141
3.09649,-1.58116,-1.5109
3.09649,-1.58116,-1.5077
3.09649,-1.58116,-1.5045
3.09649,-1.57796,-1.5333
3.09649,-1.57796,-1.5301
3.09649,-1.57796,-1.5269
3.09649,-1.57796,-1.5237
3.09649,-1.57796,-1.5205
3.09649,-1.57796,-1.5173
3.09649,-1.57796,-1.5141
3.09649,-1.57796,-1.5109
3.09649,-1.57796,-1.5077
3.09649,-1.57796,-1.5045
3.09649,-1.57476,-1.5333
3.09649,-1.57476,-1.5301
3.09649,-1.57476,-1.5269
3.09649,-1.57476,-1.5237
3.09649,-1.57476,-1.5205
3.09649,-1.57476,-1.5173
3.09649,-1.57476,-1.5141
3.09649,-1.57476,-1.5109
3.09649,-1.57476,-1.5077
3.09649,-1.57476,-1.5045
3.09649,-1.57156,-1.5333
3.09649,-1.57156,-1.5301
3.09649,-1.57156,-1.5269
3.09649,-1.57156,-1.5237
3.09649,-1.57156,-1.5205
3.09649,-1.57156,-1.5173
3.09649,-1.57156,-1.5141
3.09649,-1.57156,-1.5109
3.09649,-1.57156,-1.5077
3.09649,-1.57156,-1.5045
3.09649,-1.56836,-1.5333
3.09649,-1.56836,-1.5301
3.09649,-1.56836,-1.5269
3.09649,-1.56836,-1.5237
3.09649,-1.56836,-1.5205
3.09649,-1.56836,-1.5173
3.09649,-1.56836,-1.5141
3.09649,-1.56836,-1.5109
3.09649,-1.56836,-1.5077
3.09649,-1.56836,-1.5045
3.09649,-1.56516,-1.5333
3.09649,-1.56516,-1.5301
3.09649,-1.56516,-1.5269
3.09649,-1.56516,-1.5237
3.09649,-1.56516,-1.5205
3.09649,-1.56516,-1.5173
3.09649,-1.56516,-1.5141
3.09649,-1.56516,-1.5109
3.09649,-1.56516,-1.5077
3.09649,-1.56516,-1.5045
3.09649,-1.56196,-1.5333
3.09649,-1.56196,-1.5301
3.09649,-1.56196,-1.5269
3.09649,-1.56196,-1.5237
3.09649,-1.56196,-1.5205
3.09649,-1.56196,-1.5173
3.09649,-1.56196,-1.5141
3.09649,-1.56196,-1.5109
3.09649,-1.56196,-1.5077
3.09649,-1.56196,-1.5045
3.09649,-1.55876,-1.5333
3.09649,-1.55876,-1.5301
3.09649,-1.55876,-1.5269
3.09649,-1.55876,-1.5237
3.09649,-1.55876,-1.5205
3.09649,-1.55876,-1.5173
3.09649,-1.55876,-1.5141
3.09649,-1.55876,-1.5109
3.09649,-1.55876,-1.5077
3.09649,-1.55876,-1.5045
3.09649,-1.55556,-1.5333
3.09649,-1.55556,-1.5301
3.09649,-1.55556,-1.5269
3.09649,-1.55556,-1.5237
3.09649,-1.55556,-1.5205
3.09649,-1.55556,-1.5173
3.09649,-1.55556,-1.5141
3.09649,-1.55556,-1.5109
3.09649,-1.55556,-1.5077
3.09649,-1.55556,-1.5045
3.09969,-1.58436,-1.5333
3.09969,-1.58436,-1.5301
3.09969,-1.58436,-1.5269
3.09969,-1.58436,-1.5237
3.09969,-1.58436,-1.5205
3.09969,-1.58436,-1.5173
3.09969,-1.58436,-1.5141
3.09969,-1.58436,-1.5109
3.09969,-1.58436,-1.5077
3.09969,-1.58436,-1.5045
3.09969,-1.58116,-1.5333
3.09969,-1.58116,-1.5301
3.09969,-1.58116,-1.5269
3.09969,-1.58116,-1.5237
3.09969,-1.58116,-1.5205
3.09969,-1.58116,-1.5173
3.09969,-1.58116,-1.5141
3.09969,-1.58116,-1.5109
3.09969,-1.58116,-1.5077
3.09969,-1.58116,-1.5045
3.09969,-1.57796,-1.5333
3.09969,-1.57796,-1.5301
3.09969,-1.57796,-1.5269
3.09969,-1.57796,-1.5237
3.09969,-1.57796,-1.5205
3.09969,-1.57796,-1.5173
3.09969,-1.57796,-1.5141
3.09969,-1.57796,-1.5109
3.09969,-1.57796,-1.5077
3.09969,-1.57796,-1.5045
3.09969,-1.57476,-1.5333
3.09969,-1.57476,-1.5301
3.09969,-1.57476,-1.5269
3.09969,-1.57476,-1.5237
3.09969,-1.57476,-1.5205
3.09969,-1.57476,-1.5173
3.09969,-1.57476,-1.5141
3.09969,-1.57476,-1.5109
3.09969,-1.57476,-1.5077
3.09969,-1.57476,-1.5045
3.09969,-1.57156,-1.5333
3.09969,-1.57156,-1.5301
3.09969,-1.57156,-1.5269
3.09969,-1.57156,-1.5237
3.09969,-1.57156,-1.5205
3.09969,-1.57156,-1.5173
3.09969,-1.57156,-1.5141
3.09969,-1.57156,-1.5109
3.09969,-1.57156,-1.5077
3.09969,-1.57156,-1.5045
3.09969,-1.56836,-1.5333
3.09969,-1.56836,-1.5301
3.09969,-1.56836,-1.5269
3.09969,-1.56836,-1.5237
3.09969,-1.56836,-1.5205
3.09969,-1.56836,-1.5173
3.09969,-1.56836,-1.5141
3.09969,-1.56836,-1.5109
3.09969,-1.56836,-1.5077
3.09969,-1.56836,-1.5045
3.09969,-1.56516,-1.5333
3.09969,-1.56516,-1.5301
3.09969,-1.56516,-1.5269
3.09969,-1.56516,-1.5237
3.09969,-1.56516,-1.5205
3.09969,-1.56516,-1.5173
3.09969,-1.56516,-1.5141
3.09969,-1.56516,-1.5109
3.09969,-1.56516,-1.5077
3.09969,-1.56516,-1.5045
3.09969,-1.56196,-1.5333
3.09969,-1.56196,-1.5301
3.09969,-1.56196,-1.5269
3.09969,-1.56196,-1.5237
3.09969,-1.56196,-1.5205
3.09969,-1.56196,-1.5173
3.09969,-1.56196,-1.5141
3.09969,-1.56196,-1.5109
3.09969,-1.56196,-1.5077
3.09969,-1.56196,-1.5045
3.09969,-1.55876,-1.5333
3.09969,-1.55876,-1.5301
3.09969,-1.55876,-1.5269
3.09969,-1.55876,-1.5237
3.09969,-1.55876,-1.5205
3.09969,-1.55876,-1.5173
3.09969,-1.55876,-1.5141
3.09969,-1.55876,-1.5109
3.09969,-1.55876,-1.5077
3.09969,-1.55876,-1.5045
3.09969,-1.55556,-1.5333
3.09969,-1.55556,-1.5301
3.09969,-1.55556,-1.5269
3.09969,-1.55556,-1.5237
3.09969,-1.55556,-1.5205
3.09969,-1.55556,-1.5173
3.09969,-1.55556,-1.5141
3.09969,-1.55556,-1.5109
3.09969,-1.55556,-1.5077
3.09969,-1.55556,-1.5045
3.10289,-1.58436,-1.5333
3.10289,-1.58436,-1.5301
3.10289,-1.58436,-1.5269
3.10289,-1.58436,-1.5237
3.10289,-1.58436,-1.5205
3.10289,-1.58436,-1.5173
3.10289,-1.58436,-1.5141
3.10289,-1.58436,-1.5109
3.10289,-1.58436,-1.5077
3.10289,-1.58436,-1.5045
3.10289,-1.58116,-1.5333
3.10289,-1.58116,-1.5301
3.10289,-1.58116,-1.5269
3.10289,-1.58116,-1.5237
3.10289,-1.58116,-1.5205
3.10289,-1.58116,-1.5173
3.10289,-1.58116,-1.5141
3.10289,-1.58116,-1.5109
3.10289,-1.58116,-1.5077
3.10289,-1.58116,-1.5045
3.10289,-1.57796,-1.5333
3.10289,-1.57796,-1.5301
3.10289,-1.57796,-1.5269
3.10289,-1.57796,-1.5237
3.10289,-1.57796,-1.5205
3.10289,-1.57796,-1.5173
3.10289,-1.57796,-1.5141
3.10289,-1.57796,-1.5109
3.10289,-1.57796,-1.5077
3.10289,-1.57796,-1.5045
3.10289,-1.57476,-1.5333
3.10289,-1.57476,-1.5301
3.10289,-1.57476,-1.5269
3.10289,-1.57476,-1.5237
3.10289,-1.57476,-1.5205
3.10289,-1.57476,-1.5173
3.10289,-1.57476,-1.5141
3.10289,-1.57476,-1.5109
3.10289,-1.57476,-1.5077
3.10289,-1.57476,-1.5045
3.10289,-1.57156,-1.5333
3.10289,-1.57156,-1.5301
3.10289,-1.57156,-1.5269
3.10289,-1.57156,-1.5237
3.10289,-1.57156,-1.5205
3.10289,-1.57156,-1.5173
3.10289,-1.57156,-1.5141
3.10289,-1.57156,-1.5109
3.10289,-1.57156,-1.5077
3.10289,-1.57156,-1.5045
3.10289,-1.56836,-1.5333
3.10289,-1.56836,-1.5301
3.10289,-1.56836,-1.5269
3.10289,-1.56836,-1.5237
3.10289,-1.56836,-1.5205
3.10289,-1.56836,-1.5173
3.10289,-1.56836,-1.5141
3.10289,-1.56836,-1.5109
3.10289,-1.56836,-1.5077
3.10289,-1.56836,-1.5045
3.10289,-1.56516,-1.5333
3.10289,-1.56516,-1.5301
3.10289,-1.56516,-1.5269
3.10289,-1.56516,-1.5237
3.10289,-1.56516,-1.5205
3.10289,-1.56516,-1.5173
3.10289,-1.56516,-1.5141
3.10289,-1.56516,-1.5109
3.10289,-1.56516,-1.5077
3.10289,-1.56516,-1.5045
3.10289,-1.56196,-1.5333
3.10289,-1.56196,-1.5301
3.10289,-1.56196,-1.5269
3.10289,-1.56196,-1.5237
3.10289,-1.56196,-1.5205
3.10289,-1.56196,-1.5173
3.10289,-1.56196,-1.5141
3.10289,-1.56196,-1.5109
3.10289,-1.56196,-1.5077
3.10289,-1.56196,-1.5045
3.10289,-1.55876,-1.5333
3.10289,-1.55876,-1.5301
3.10289,-1.55876,-1.5269
3.10289,-1.55876,-1.5237
3.10289,-1.55876,-1.5205
3.10289,-1.55876,-1.5173
3.10289,-1.55876,-1.5141
3.10289,-1.55876,-1.5109
3.10289,-1.55876,-1.5077
3.10289,-1.55876,-1.5045
3.10289,-1.55556,-1.5333
3.10289,-1.55556,-1.5301
3.10289,-1.55556,-1.5269
3.10289,-1.55556,-1.5237
3.10289,-1.55556,-1.5205
3.10289,-1.55556,-1.5173
3.10289,-1.55556,-1.5141
3.10289,-1.55556,-1.5109
3.10289,-1.55556,-1.5077
3.10289,-1.55556,-1.5045
3.10609,-1.58436,-1.5333
3.10609,-1.58436,-1.5301
3.10609,-1.58436,-1.5269
3.10609,-1.58436,-1.5237
3.10609,-1.58436,-1.5205
3.10609,-1.58436,-1.5173
3.10609,-1.58436,-1.5141
3.10609,-1.58436,-1.5109
3.10609,-1.58436,-1.5077
3.10609,-1.58436,-1.5045
3.10609,-1.58116,-1.5333
3.10609,-1.58116,-1.5301
3.10609,-1.58116,-1.5269
3.10609,-1.58116,-1.5237
3.10609,-1.58116,-1.5205
3.10609,-1.58116,-1.5173
3.10609,-1.58116,-1.5141
3.10609,-1.58116,-1.5109
3.10609,-1.58116,-1.5077
3.10609,-1.58116,-1.5045
3.10609,-1.57796,-1.5333
3.10609,-1.57796,-1.5301
3.10609,-1.57796,-1.5269
3.10609,-1.57796,-1.5237
3.10609,-1.57796,-1.5205
3.10609,-1.57796,-1.5173
3.10609,-1.57796,-1.5141
3.10609,-1.57796,-1.5109
3.10609,-1.57796,-1.5077
3.10609,-1.57796,-1.5045
3.10609,-1.57476,-1.5333
3.10609,-1.57476,-1.5301
3.10609,-1.57476,-1.5269
3.10609,-1.57476,-1.5237
3.10609,-1.57476,-1.5205
3.10609,-1.57476,-1.5173
3.10609,-1.57476,-1.5141
3.10609,-1.57476,-1.5109
3.10609,-1.57476,-1.5077
3.10609,-1.57476,-1.5045
3.10609,-1.57156,-1.5333
3.10609,-1.57156,-1.5301
3.10609,-1.57156,-1.5269
3.10609,-1.57156,-1.5237
3.10609,-1.57156,-1.5205
3.10609,-1.57156,-1.5173
3.10609,-1.57156,-1.5141
3.10609,-1.57156,-1.5109
3.10609,-1.57156,-1.5077
3.10609,-1.57156,-1.5045
3.10609,-1.56836,-1.5333
3.10609,-1.56836,-1.5301
3.10609,-1.56836,-1.5269
3.10609,-1.56836,-1.5237
3.10609,-1.56836,-1.5205
3.10609,-1.56836,-1.5173
3.10609,-1.56836,-1.5141
3.10609,-1.56836,-1.5109
3.10609,-1.56836,-1.5077
3.10609,-1.56836,-1.5045
3.10609,-1.56516,-1.5333
3.10609,-1.56516,-1.5301
3.10609,-1.56516,-1.5269
3.10609,-1.56516,-1.5237
3.10609,-1.56516,-1.5205
3.10609,-1.56516,-1.5173
3.10609,-1.56516,-1.5141
3.10609,-1.56516,-1.5109
3.10609,-1.56516,-1.5077
3.10609,-1.56516,-1.5045
3.10609,-1.56196,-1.5333
3.10609,-1.56196,-1.5301
3.10609,-1.56196,-1.5269
3.10609,-1.56196,-1.5237
3.10609,-1.56196,-1.5205
3.10609,-1.56196,-1.5173
3.10609,-1.56196,-1.5141
3.10609,-1.56196,-1.5109
3.10609,-1.56196,-1.5077
3.10609,-1.56196,-1.5045
3.10609,-1.55876,-1.5333
3.10609,-1.55876,-1.5301
3.10609,-1.55876,-1.5269
3.10609,-1.55876,-1.5237
3.10609,-1.55876,-1.5205
3.10609,-1.55876,-1.5173
3.10609,-1.55876,-1.5141
3.10609,-1.55876,-1.5109
3.10609,-1.55876,-1.5077
3.10609,-1.55876,-1.5045
3.10609,-1.55556,-1.5333
3.10609,-1.55556,-1.5301
3.10609,-1.55556,-1.5269
3.10609,-1.55556,-1.5237
3.10609,-1.55556,-1.5205
3.10609,-1.55556,-1.5173
3.10609,-1.55556,-1.5141
3.10609,-1.55556,-1.5109
3.10609,-1.55556,-1.5077
3.10609,-1.55556,-1.5045
3.10929,-1.58436,-1.5333
3.10929,-1.58436,-1.5301
3.10929,-1.58436,-1.5269
3.10929,-1.58436,-1.5237
3.10929,-1.58436,-1.5205
3.10929,-1.58436,-1.5173
3.10929,-1.58436,-1.5141
3.10929,-1.58436,-1.5109
3.10929,-1.58436,-1.5077
3.10929,-1.58436,-1.5045
3.10929,-1.58116,-1.5333
3.10929,-1.58116,-1.5301
3.10929,-1.58116,-1.5269
3.10929,-1.58116,-1.5237
3.10929,-1.58116,-1.5205
3.10929,-1.58116,-1.5173
3.10929,-1.58116,-1.5141
3.10929,-1.58116,-1.5109
3.10929,-1.58116,-1.5077
3.10929,-1.58116,-1.5045
3.10929,-1.57796,-1.5333
3.10929,-1.57796,-1.5301
3.10929,-1.57796,-1.5269
3.10929,-1.57796,-1.5237
3.10929,-1.57796,-1.5205
3.10929,-1.57796,-1.5173
3.10929,-1.57796,-1.5141
3.10929,-1.57796,-1.5109
3.10929,-1.57796,-1.5077
3.10929,-1.57796,-1.5045
3.10929,-1.57476,-1.5333
3.10929,-1.57476,-1.5301
3.10929,-1.57476,-1.5269
3.10929,-1.57476,-1.5237
3.10929,-1.57476,-1.5205
3.10929,-1.57476,-1.5173
3.10929,-1.57476,-1.5141
3.10929,-1.57476,-1.5109
3.10929,-1.57476,-1.5077
3.10929,-1.57476,-1.5045
3.10929,-1.57156,-1.5333
3.10929,-1.57156,-1.5301
3.10929,-1.57156,-1.5269
3.10929,-1.57156,-1.5237
3.10929,-1.57156,-1.5205
3.10929,-1.57156,-1.5173
3.10929,-1.57156,-1.5141
3.10929,-1.57156,-1.5109
3.10929,-1.57156,-1.5077
3.10929,-1.57156,-1.5045
3.10929,-1.56836,-1.5333
3.10929,-1.56836,-1.5301
3.10929,-1.56836,-1.5269
3.10929,-1.56836,-1.5237
3.10929,-1.56836,-1.5205
3.10929,-1.56836,-1.5173
3.10929,-1.56836,-1.5141
3.10929,-1.56836,-1.5109
3.10929,-1.56836,-1.5077
3.10929,-1.56836,-1.5045
3.10929,-1.56516,-1.5333
3.10929,-1.56516,-1.5301
3.10929,-1.56516,-1.5269
3.10929,-1.56516,-1.5237
3.10929,-1.56516,-1.5205
3.10929,-1.56516,-1.5173
3.10929,-1.56516,-1.5141
3.10929,-1.56516,-1.5109
3.10929,-1.56516,-1.5077
3.10929,-1.56516,-1.5045
3.10929,-1.56196,-1.5333
3.10929,-1.56196,-1.5301
3.10929,-1.56196,-1.5269
3.10929,-1.56196,-1.5237
3.10929,-1.56196,-1.5205
3.10929,-1.56196,-1.5173
3.10929,-1.56196,-1.5141
3.10929,-1.56196,-1.5109
3.10929,-1.56196,-1.5077
3.10929,-1.56196,-1.5045
3.10929,-1.55876,-1.5333
3.10929,-1.55876,-1.5301
3.10929,-1.55876,-1.5269
3.10929,-1.55876,-1.5237
3.10929,-1.55876,-1.5205
3.10929,-1.55876,-1.5173
3.10929,-1.55876,-1.5141
3.10929,-1.55876,-1.5109
3.10929,-1.55876,-1.5077
3.10929,-1.55876,-1.5045
3.10929,-1.55556,-1.5333
3.10929,-1.55556,-1.5301
3.10929,-1.55556,-1.5269
3.10929,-1.55556,-1.5237
3.10929,-1.55556,-1.5205
3.10929,-1.55556,-1.5173
3.10929,-1.55556,-1.5141
3.10929,-1.55556,-1.5109
3.10929,-1.55556,-1.5077
3.10929,-1.55556,-1.5045
3.11249,-1.58436,-1.5333
3.11249,-1.58436,-1.5301
3.11249,-1.58436,-1.5269
3.11249,-1.58436,-1.5237
3.11249,-1.58436,-1.5205
3.11249,-1.58436,-1.5173
3.11249,-1.58436,-1.5141
3.11249,-1.58436,-1.5109
3.11249,-1.58436,-1.5077
3.11249,-1.58436,-1.5045
3.11249,-1.58116,-1.5333
3.11249,-1.58116,-1.5301
3.11249,-1.58116,-1.5269
3.11249,-1.58116,-1.5237
3.11249,-1.58116,-1.5205
3.11249,-1.58116,-1.5173
3.11249,-1.58116,-1.5141
3.11249,-1.58116,-1.5109
3.11249,-1.58116,-1.5077
3.11249,-1.58116,-1.5045
3.11249,-1.57796,-1.5333
3.11249,-1.57796,-1.5301
3.11249,-1.57796,-1.5269
3.11249,-1.57796,-1.5237
3.11249,-1.57796,-1.5205
3.11249,-1.57796,-1.5173
3.11249,-1.57796,-1.5141
3.11249,-1.57796,-1.5109
3.11249,-1.57796,-1.5077
3.11249,-1.57796,-1.5045
3.11249,-1.57476,-1.5333
3.11249,-1.57476,-1.5301
3.11249,-1.57476,-1.5269
3.11249,-1.57476,-1.5237
3.11249,-1.57476,-1.5205
3.11249,-1.57476,-1.5173
3.11249,-1.57476,-1.5141
3.11249,-1.57476,-1.5109
3.11249,-1.57476,-1.5077
3.11249,-1.57476,-1.5045
3.11249,-1.57156,-1.5333
3.11249,-1.57156,-1.5301
3.11249,-1.57156,-1.5269
3.11249,-1.57156,-1.5237
3.11249,-1.57156,-1.5205
3.11249,-1.57156,-1.5173
3.11249,-1.57156,-1.5141
3.11249,-1.57156,-1.5109
3.11249,-1.57156,-1.5077
3.11249,-1.57156,-1.5045
3.11249,-1.56836,-1.5333
3.11249,-1.56836,-1.5301
3.11249,-1.56836,-1.5269
3.11249,-1.56836,-1.5237
3.11249,-1.56836,-1.5205
3.11249,-1.56836,-1.5173
3.11249,-1.56836,-1.5141
3.11249,-1.56836,-1.5109
3.11249,-1.56836,-1.5077
3.11249,-1.56836,-1.5045
3.11249,-1.56516,-1.5333
3.11249,-1.56516,-1.5301
3.11249,-1.56516,-1.5269
3.11249,-1.56516,-1.5237
3.11249,-1.56516,-1.5205
3.11249,-1.56516,-1.5173
3.11249,-1.56516,-1.5141
3.11249,-1.56516,-1.5109
3.11249,-1.56516,-1.5077
3.11249,-1.56516,-1.5045
3.11249,-1.56196,-1.5333
3.11249,-1.56196,-1.5301
3.11249,-1.56196,-1.5269
3.11249,-1.56196,-1.5237
3.11249,-1.56196,-1.5205
3.11249,-1.56196,-1.5173
3.11249,-1.56196,-1.5141
3.11249,-1.56196,-1.5109
3.11249,-1.56196,-1.5077
3.11249,-1.56196,-1.5045
3.11249,-1.55876,-1.5333
3.11249,-1.55876,-1.5301
3.11249,-1.55876,-1.5269
3.11249,-1.55876,-1.5237
3.11249,-1.55876,-1.5205
3.11249,-1.55876,-1.5173
3.11249,-1.55876,-1.5141
3.11249,-1.55876,-1.5109
3.11249,-1.55876,-1.5077
3.11249,-1.55876,-1.5045
3.11249,-1.55556,-1.5333
3.11249,-1.55556,-1.5301
3.11249,-1.55556,-1.5269
3.11249,-1.55556,-1.5237
3.11249,-1.55556,-1.5205
3.11249,-1.55556,-1.5173
3.11249,-1.55556,-1.5141
3.11249,-1.55556,-1.5109
3.11249,-1.55556,-1.5077
3.11249,-1.55556,-1.5045
3.11569,-1.58436,-1.5333
3.11569,-1.58436,-1.5301
3.11569,-1.58436,-1.5269
3.11569,-1.58436,-1.5237
3.11569,-1.58436,-1.5205
3.11569,-1.58436,-1.5173
3.11569,-1.58436,-1.5141
3.11569,-1.58436,-1.5109
3.11569,-1.58436,-1.5077
3.11569,-1.58436,-1.5045
3.11569,-1.58116,-1.5333
3.11569,-1.58116,-1.5301
3.11569,-1.58116,-1.5269
3.11569,-1.58116,-1.5237
3.11569,-1.58116,-1.5205
3.11569,-1.58116,-1.5173
3.11569,-1.58116,-1.5141
3.11569,-1.58116,-1.5109
3.11569,-1.58116,-1.5077
3.11569,-1.58116,-1.5045
3.11569,-1.57796,-1.5333
3.11569,-1.57796,-1.5301
3.11569,-1.57796,-1.5269
3.11569,-1.57796,-1.5237
3.11569,-1.57796,-1.5205
3.11569,-1.57796,-1.5173
3.11569,-1.57796,-1.5141
3.11569,-1.57796,-1.5109
3.11569,-1.57796,-1.5077
3.11569,-1.57796,-1.5045
3.11569,-1.57476,-1.5333
3.11569,-1.57476,-1.5301
3.11569,-1.57476,-1.5269
3.11569,-1.57476,-1.5237
3.11569,-1.57476,-1.5205
3.11569,-1.57476,-1.5173
3.11569,-1.57476,-1.5141
3.11569,-1.57476,-1.5109
3.11569,-1.57476,-1.5077
3.11569,-1.57476,-1.5045
3.11569,-1.57156,-1.5333
3.11569,-1.57156,-1.5301
3.11569,-1.57156,-1.5269
3.11569,-1.57156,-1.5237
3.11569,-1.57156,-1.5205
3.11569,-1.57156,-1.5173
3.11569,-1.57156,-1.5141
3.11569,-1.57156,-1.5109
3.11569,-1.57156,-1.5077
3.11569,-1.57156,-1.5045
3.11569,-1.56836,-1.5333
3.11569,-1.56836,-1.5301
3.11569,-1.56836,-1.5269
3.11569,-1.56836,-1.5237
3.11569,-1.56836,-1.5205
3.11569,-1.56836,-1.5173
3.11569,-1.56836,-1.5141
3.11569,-1.56836,-1.5109
3.11569,-1.56836,-1.5077
3.11569,-1.56836,-1.5045
3.11569,-1.56516,-1.5333
3.11569,-1.56516,-1.5301
3.11569,-1.56516,-1.5269
3.11569,-1.56516,-1.5237
3.11569,-1.56516,-1.5205
3.11569,-1.56516,-1.5173
3.11569,-1.56516,-1.5141
3.11569,-1.56516,-1.5109
3.11569,-1.56516,-1.5077
3.11569,-1.56516,-1.5045
3.11569,-1.56196,-1.5333
3.11569,-1.56196,-1.5301
3.11569,-1.56196,-1.5269
3.11569,-1.56196,-1.5237
3.11569,-1.56196,-1.5205
3.11569,-1.56196,-1.5173
3.11569,-1.56196,-1.5141
3.11569,-1.56196,-1.5109
3.11569,-1.56196,-1.5077
3.11569,-1.56196,-1.5045
3.11569,-1.55876,-1.5333
3.11569,-1.55876,-1.5301
3.11569,-1.55876,-1.5269
3.11569,-1.55876,-1.5237
3.11569,-1.55876,-1.5205
3.11569,-1.55876,-1.5173
3.11569,-1.55876,-1.5141
3.11569,-1.55876,-1.5109
3.11569,-1.55876,-1.5077
3.11569,-1.55876,-1.5045
3.11569,-1.55556,-1.5333
3.11569,-1.55556,-1.5301
3.11569,-1.55556,-1.5269
3.11569,-1.55556,-1.5237
3.11569,-1.55556,-1.5205
3.11569,-1.55556,-1.5173
3.11569,-1.55556,-1.5141
3.11569,-1.55556,-1.5109
3.11569,-1.55556,-1.5077
3.11569,-1.55556,-1.5045
3.11889,-1.58436,-1.5333
3.11889,-1.58436,-1.5301
3.11889,-1.58436,-1.5269
3.11889,-1.58436,-1.5237
3.11889,-1.58436,-1.5205
3.11889,-1.58436,-1.5173
3.11889,-1.58436,-1.5141
3.11889,-1.58436,-1.5109
3.11889,-1.58436,-1.5077
3.11889,-1.58436,-1.5045
3.11889,-1.58116,-1.5333
3.11889,-1.58116,-1.5301
3.11889,-1.58116,-1.5269
3.11889,-1.58116,-1.5237
3.11889,-1.58116,-1.5205
3.11889,-1.58116,-1.5173
3.11889,-1.58116,-1.5141
3.11889,-1.58116,-1.5109
3.11889,-1.58116,-1.5077
3.11889,-1.58116,-1.5045
3.11889,-1.57796,-1.5333
3.11889,-1.57796,-1.5301
3.11889,-1.57796,-1.5269
3.11889,-1.57796,-1.5237
3.11889,-1.57796,-1.5205
3.11889,-1.57796,-1.5173
3.11889,-1.57796,-1.5141
3.11889,-1.57796,-1.5109
3.11889,-1.57796,-1.5077
3.11889,-1.57796,-1.5045
3.11889,-1.57476,-1.5333
3.11889,-1.57476,-1.5301
3.11889,-1.57476,-1.5269
3.11889,-1.57476,-1.5237
3.11889,-1.57476,-1.5205
3.11889,-1.57476,-1.5173
3.11889,-1.57476,-1.5141
3.11889,-1.57476,-1.5109
3.11889,-1.57476,-1.5077
3.11889,-1.57476,-1.5045
3.11889,-1.57156,-1.5333
3.11889,-1.57156,-1.5301
3.11889,-1.57156,-1.5269
3.11889,-1.57156,-1.5237
3.11889,-1.57156,-1.5205
3.11889,-1.57156,-1.5173
3.11889,-1.57156,-1.5141
3.11889,-1.57156,-1.5109
3.11889,-1.57156,-1.5077
3.11889,-1.57156,-1.5045
3.11889,-1.56836,-1.5333
3.11889,-1.56836,-1.5301
3.11889,-1.56836,-1.5269
3.11889,-1.56836,-1.5237
3.11889,-1.56836,-1.5205
3.11889,-1.56836,-1.5173
3.11889,-1.56836,-1.5141
3.11889,-1.56836,-1.5109
3.11889,-1.56836,-1.5077
3.11889,-1.56836,-1.5045
3.11889,-1.56516,-1.5333
3.11889,-1.56516,-1.5301
3.11889,-1.56516,-1.5269
3.11889,-1.56516,-1.5237
3.11889,-1.56516,-1.5205
3.11889,-1.56516,-1.5173
3.11889,-1.56516,-1.5141
3.11889,-1.56516,-1.5109
3.11889,-1.56516,-1.5077
3.11889,-1.56516,-1.5045
3.11889,-1.56196,-1.5333
3.11889,-1.56196,-1.5301
3.11889,-1.56196,-1.5269
3.11889,-1.56196,-1.5237
3.11889,-1.56196,-1.5205
3.11889,-1.56196,-1.5173
3.11889,-1.56196,-1.5141
3.11889,-1.56196,-1.5109
3.11889,-1.56196,-1.5077
3.11889,-1.56196,-1.5045
3.11889,-1.55876,-1.5333
3.11889,-1.55876,-1.5301
3.11889,-1.55876,-1.5269
3.11889,-1.55876,-1.5237
3.11889,-1.55876,-1.5205
3.11889,-1.55876,-1.5173
3.11889,-1.55876,-1.5141
3.11889,-1.55876,-1.5109
3.11889,-1.55876,-1.5077
3.11889,-1.55876,-1.5045
3.11889,-1.55556,-1.5333
3.11889,-1.55556,-1.5301
3.11889,-1.55556,-1.5269
3.11889,-1.55556,-1.5237
3.11889,-1.55556,-1.5205
3.11889,-1.55556,-1.5173
3.11889,-1.55556,-1.5141
3.11889,-1.55556,-1.5109
3.11889,-1.55556,-1.5077
3.11889,-1.55556,-1.5045
3.12209,-1.58436,-1.5333
3.12209,-1.58436,-1.5301
3.12209,-1.58436,-1.5269
3.12209,-1.58436,-1.5237
3.12209,-1.58436,-1.5205
3.12209,-1.58436,-1.5173
3.12209,-1.58436,-1.5141
3.12209,-1.58436,-1.5109
3.12209,-1.58436,-1.5077
3.12209,-1.58436,-1.5045
3.12209,-1.58116,-1.5333
3.12209,-1.58116,-1.5301
3.12209,-1.58116,-1.5269
3.12209,-1.58116,-1.5237
3.12209,-1.58116,-1.5205
3.12209,-1.58116,-1.5173
3.12209,-1.58116,-1.5141
3.12209,-1.58116,-1.5109
3.12209,-1.58116,-1.5077
3.12209,-1.58116,-1.5045
3.12209,-1.57796,-1.5333
3.12209,-1.57796,-1.5301
3.12209,-1.57796,-1.5269
3.12209,-1.57796,-1.5237
3.12209,-1.57796,-1.5205
3.12209,-1.57796,-1.5173
3.12209,-1.57796,-1.5141
3.12209,-1.57796,-1.5109
3.12209,-1.57796,-1.5077
3.12209,-1.57796,-1.5045
3.12209,-1.57476,-1.5333
3.12209,-1.57476,-1.5301
3.12209,-1.57476,-1.5269
3.12209,-1.57476,-1.5237
3.12209,-1.57476,-1.5205
3.12209,-1.57476,-1.5173
3.12209,-1.57476,-1.5141
3.12209,-1.57476,-1.5109
3.12209,-1.57476,-1.5077
3.12209,-1.57476,-1.5045
3.12209,-1.57156,-1.5333
3.12209,-1.57156,-1.5301
3.12209,-1.57156,-1.5269
3.12209,-1.57156,-1.5237
3.12209,-1.57156,-1.5205
3.12209,-1.57156,-1.5173
3.12209,-1.57156,-1.5141
3.12209,-1.57156,-1.5109
3.12209,-1.57156,-1.5077
3.12209,-1.57156,-1.5045
3.12209,-1.56836,-1.5333
3.12209,-1.56836,-1.5301
3.12209,-1.56836,-1.5269
3.12209,-1.56836,-1.5237
3.12209,-1.56836,-1.5205
3.12209,-1.56836,-1.5173
3.12209,-1.56836,-1.5141
3.12209,-1.56836,-1.5109
3.12209,-1.56836,-1.5077
3.12209,-1.56836,-1.5045
3.12209,-1.56516,-1.5333
3.12209,-1.56516,-1.5301
3.12209,-1.56516,-1.5269
3.12209,-1.56516,-1.5237
3.12209,-1.56516,-1.5205
3.12209,-1.56516,-1.5173
3.12209,-1.56516,-1.5141
3.12209,-1.56516,-1.5109
3.12209,-1.56516,-1.5077
3.12209,-1.56516,-1.5045
3.12209,-1.56196,-1.5333
3.12209,-1.56196,-1.5301
3.12209,-1.56196,-1.5269
3.12209,-1.56196,-1.5237
3.12209,-1.56196,-1.5205
3.12209,-1.56196,-1.5173
3.12209,-1.56196,-1.5141
3.12209,-1.56196,-1.5109
3.12209,-1.56196,-1.5077
3.12209,-1.56196,-1.5045
3.12209,-1.55876,-1.5333
3.12209,-1.55876,-1.5301
3.12209,-1.55876,-1.5269
3.12209,-1.55876,-1.5237
3.12209,-1.55876,-1.5205
3.12209,-1.55876,-1.5173
3.12209,-1.55876,-1.5141
3.12209,-1.55876,-1.5109
3.12209,-1.55876,-1.5077
3.12209,-1.55876,-1.5045
3.12209,-1.55556,-1.5333
3.12209,-1.55556,-1.5301
3.12209,-1.55556,-1.5269
3.12209,-1.55556,-1.5237
3.12209,-1.55556,-1.5205
3.12209,-1.55556,-1.5173
3.12209,-1.55556,-1.5141
3.12209,-1.55556,-1.5109
3.12209,-1.55556,-1.5077
3.12209,-1.55556,-1.5045
3.12529,-1.58436,-1.5333
3.12529,-1.58436,-1.5301
3.12529,-1.58436,-1.5269
3.12529,-1.58436,-1.5237
3.12529,-1.58436,-1.5205
3.12529,-1.58436,-1.5173
3.12529,-1.58436,-1.5141
3.12529,-1.58436,-1.5109
3.12529,-1.58436,-1.5077
3.12529,-1.58436,-1.5045
3.12529,-1.58116,-1.5333
3.12529,-1.58116,-1.5301
3.12529,-1.58116,-1.5269
3.12529,-1.58116,-1.5237
3.12529,-1.58116,-1.5205
3.12529,-1.58116,-1.5173
3.12529,-1.58116,-1.5141
3.12529,-1.58116,-1.5109
3.12529,-1.58116,-1.5077
3.12529,-1.58116,-1.5045
3.12529,-1.57796,-1.5333
3.12529,-1.57796,-1.5301
3.12529,-1.57796,-1.5269
3.12529,-1.57796,-1.5237
3.12529,-1.57796,-1.5205
3.12529,-1.57796,-1.5173
3.12529,-1.57796,-1.5141
3.12529,-1.57796,-1.5109
3.12529,-1.57796,-1.5077
3.12529,-1.57796,-1.5045
3.12529,-1.57476,-1.5333
3.12529,-1.57476,-1.5301
3.12529,-1.57476,-1.5269
3.12529,-1.57476,-1.5237
3.12529,-1.57476,-1.5205
3.12529,-1.57476,-1.5173
3.12529,-1.57476,-1.5141
3.12529,-1.57476,-1.5109
3.12529,-1.57476,-1.5077
3.12529,-1.57476,-1.5045
3.12529,-1.57156,-1.5333
3.12529,-1.57156,-1.5301
3.12529,-1.57156,-1.5269
3.12529,-1.57156,-1.5237
3.12529,-1.57156,-1.5205
3.12529,-1.57156,-1.5173
3.12529,-1.57156,-1.5141
3.12529,-1.57156,-1.5109
3.12529,-1.57156,-1.5077
3.12529,-1.57156,-1.5045
3.12529,-1.56836,-1.5333
3.12529,-1.56836,-1.5301
3.12529,-1.56836,-1.5269
3.12529,-1.56836,-1.5237
3.12529,-1.56836,-1.5205
3.12529,-1.56836,-1.5173
3.12529,-1.56836,-1.5141
3.12529,-1.56836,-1.5109
3.12529,-1.56836,-1.5077
3.12529,-1.56836,-1.5045
3.12529,-1.56516,-1.5333
3.12529,-1.56516,-1.5301
3.12529,-1.56516,-1.5269
3.12529,-1.56516,-1.5237
3.12529,-1.56516,-1.5205
3.12529,-1.56516,-1.5173
3.12529,-1.56516,-1.5141
3.12529,-1.56516,-1.5109
3.12529,-1.56516,-1.5077
3.12529,-1.56516,-1.5045
3.12529,-1.56196,-1.5333
3.12529,-1.56196,-1.5301
3.12529,-1.56196,-1.5269
3.12529,-1.56196,-1.5237
3.12529,-1.56196,-1.5205
3.12529,-1.56196,-1.5173
3.12529,-1.56196,-1.5141
3.12529,-1.56196,-1.5109
3.12529,-1.56196,-1.5077
3.12529,-1.56196,-1.5045
3.12529,-1.55876,-1.5333
3.12529,-1.55876,-1.5301
3.12529,-1.55876,-1.5269
3.12529,-1.55876,-1.5237
3.12529,-1.55876,-1.5205
3.12529,-1.55876,-1.5173
3.12529,-1.55876,-1.5141
3.12529,-1.55876,-1.5109
3.12529,-1.55876,-1.5077
3.12529,-1.55876,-1.5045
3.12529,-1.55556,-1.5333
3.12529,-1.55556,-1.5301
3.12529,-1.55556,-1.5269
3.12529,-1.55556,-1.5237
3.12529,-1.55556,-1.5205
3.12529,-1.55556,-1.5173
3.12529,-1.55556,-1.5141
3.12529,-1.55556,-1.5109
3.12529,-1.55556,-1.5077
3.12529,-1.55556,-1.5045
3.12849,-1.58436,-1.5333
3.12849,-1.58436,-1.5301
3.12849,-1.58436,-1.5269
3.12849,-1.58436,-1.5237
3.12849,-1.58436,-1.5205
3.12849,-1.58436,-1.5173
3.12849,-1.58436,-1.5141
3.12849,-1.58436,-1.5109
3.12849,-1.58436,-1.5077
3.12849,-1.58436,-1.5045
3.12849,-1.58116,-1.5333
3.12849,-1.58116,-1.5301
3.12849,-1.58116,-1.5269
3.12849,-1.58116,-1.5237
3.12849,-1.58116,-1.5205
3.12849,-1.58116,-1.5173
3.12849,-1.58116,-1.5141
3.12849,-1.58116,-1.5109
3.12849,-1.58116,-1.5077
3.12849,-1.58116,-1.5045
3.12849,-1.57796,-1.5333
3.12849,-1.57796,-1.5301
3.12849,-1.57796,-1.5269
3.12849,-1.57796,-1.5237
3.12849,-1.57796,-1.5205
3.12849,-1.57796,-1.5173
3.12849,-1.57796,-1.5141
3.12849,-1.57796,-1.5109
3.12849,-1.57796,-1.5077
3.12849,-1.57796,-1.5045
3.12849,-1.57476,-1.5333
3.12849,-1.57476,-1.5301
3.12849,-1.57476,-1.5269
3.12849,-1.57476,-1.5237
3.12849,-1.57476,-1.5205
3.12849,-1.57476,-1.5173
3.12849,-1.57476,-1.5141
3.12849,-1.57476,-1.5109
3.12849,-1.57476,-1.5077
3.12849,-1.57476,-1.5045
3.12849,-1.57156,-1.5333
3.12849,-1.57156,-1.5301
3.12849,-1.57156,-1.5269
3.12849,-1.57156,-1.5237
3.12849,-1.57156,-1.5205
3.12849,-1.57156,-1.5173
3.12849,-1.57156,-1.5141
3.12849,-1.57156,-1.5109
3.12849,-1.57156,-1.5077
3.12849,-1.57156,-1.5045
3.12849,-1.56836,-1.5333
3.12849,-1.56836,-1.5301
3.12849,-1.56836,-1.5269
3.12849,-1.56836,-1.5237
3.12849,-1.56836,-1.5205
3.12849,-1.56836,-1.5173
3.12849,-1.56836,-1.5141
3.12849,-1.56836,-1.5109
3.12849,-1.56836,-1.5077
3.12849,-1.56836,-1.5045
3.12849,-1.56516,-1.5333
3.12849,-1.56516,-1.5301
3.12849,-1.56516,-1.5269
3.12849,-1.56516,-1.5237
3.12849,-1.56516,-1.5205
3.12849,-1.56516,-1.5173
3.12849,-1.56516,-1.5141
3.12849,-1.56516,-1.5109
3.12849,-1.56516,-1.5077
3.12849,-1.56516,-1.5045
3.12849,-1.56196,-1.5333
3.12849,-1.56196,-1.5301
3.12849,-1.56196,-1.5269
3.12849,-1.56196,-1.5237
3.12849,-1.56196,-1.5205
3.12849,-1.56196,-1.5173
3.12849,-1.56196,-1.5141
3.12849,-1.56196,-1.5109
3.12849,-1.56196,-1.5077
3.12849,-1.56196,-1.5045
3.12849,-1.55876,-1.5333
3.12849,-1.55876,-1.5301
3.12849,-1.55876,-1.5269
3.12849,-1.55876,-1.5237
3.12849,-1.55876,-1.5205
3.12849,-1.55876,-1.5173
3.12849,-1.55876,-1.5141
3.12849,-1.55876,-1.5109
3.12849,-1.55876,-1.5077
3.12849,-1.55876,-1.5045
3.12849,-1.55556,-1.5333
3.12849,-1.55556,-1.5301
3.12849,-1.55556,-1.5269
3.12849,-1.55556,-1.5237
3.12849,-1.55556,-1.5205
3.12849,-1.55556,-1.5173
3.12849,-1.55556,-1.5141
3.12849,-1.55556,-1.5109
3.12849,-1.55556,-1.5077
3.12849,-1.55556,-1.5045
3.13169,-1.58436,-1.5333
3.13169,-1.58436,-1.5301
3.13169,-1.58436,-1.5269
3.13169,-1.58436,-1.5237
3.13169,-1.58436,-1.5205
3.13169,-1.58436,-1.5173
3.13169,-1.58436,-1.5141
3.13169,-1.58436,-1.5109
3.13169,-1.58436,-1.5077
3.13169,-1.58436,-1.5045
3.13169,-1.58116,-1.5333
3.13169,-1.58116,-1.5301
3.13169,-1.58116,-1.5269
3.13169,-1.58116,-1.5237
3.13169,-1.58116,-1.5205
3.13169,-1.58116,-1.5173
3.13169,-1.58116,-1.5141
3.13169,-1.58116,-1.5109
3.13169,-1.58116,-1.5077
3.13169,-1.58116,-1.5045
3.13169,-1.57796,-1.5333
3.13169,-1.57796,-1.5301
3.13169,-1.57796,-1.5269
3.13169,-1.57796,-1.5237
3.13169,-1.57796,-1.5205
3.13169,-1.57796,-1.5173
3.13169,-1.57796,-1.5141
3.13169,-1.57796,-1.5109
3.13169,-1.57796,-1.5077
3.13169,-1.57796,-1.5045
3.13169,-1.57476,-1.5333
3.13169,-1.57476,-1.5301
3.13169,-1.57476,-1.5269
3.13169,-1.57476,-1.5237
3.13169,-1.57476,-1.5205
3.13169,-1.57476,-1.5173
3.13169,-1.57476,-1.5141
3.13169,-1.57476,-1.5109
3.13169,-1.57476,-1.5077
3.13169,-1.57476,-1.5045
3.13169,-1.57156,-1.5333
3.13169,-1.57156,-1.5301
3.13169,-1.57156,-1.5269
3.13169,-1.57156,-1.5237
3.13169,-1.57156,-1.5205
3.13169,-1.57156,-1.5173
3.13169,-1.57156,-1.5141
3.13169,-1.57156,-1.5109
3.13169,-1.57156,-1.5077
3.13169,-1.57156,-1.5045
3.13169,-1.56836,-1.5333
3.13169,-1.56836,-1.5301
