2.32649
2.26371
2.21314
2.18626
2.22055
2.26891
2.25422
2.26991
2.32014
2.34295
2.54074
2.47304
2.42794
2.40233
2.41757
2.49683
2.55176
2.63007
2.6591
2.694
2.63557
2.57533
2.49828
2.48423
2.47425
2.458
2.4619
2.51136
2.48617
2.50172
2.56393
2.48921
2.34475
2.24944
2.20551
2.22072
2.27214
2.28541
2.33687
2.43591
2.41404
2.36324
2.25532
2.16148
2.13687
2.14139
2.16954
2.21354
2.26014
2.26022
2.22863
2.18833
2.12451
2.05929
1.99268
2.00215
2.02339
2.06161
2.08589
2.09045
2.18205
2.10598
2.05749
2.00874
1.9674
1.96931
1.99956
2.06445
2.08715
2.10627
2.28645
2.23471
2.10523
2.01909
2.03475
2.01366
2.01915
2.05903
2.08167
2.14194
2.4165
2.35229
2.30209
2.24195
2.20375
2.19291
2.18271
2.22321
2.25837
2.27779
2.40876
2.38366
2.30384
2.27258
2.26123
2.23922
2.25687
2.29741
2.34527
2.33945
2.2643
2.2208
2.17695
2.20054
2.26415
2.2511
2.26793
2.32187
2.34709
2.33784
2.47581
2.43503
2.40637
2.41681
2.48923
2.55029
2.62004
2.66045
2.69583
2.6971
2.57469
2.49689
2.47827
2.4814
2.4566
2.46247
2.50754
2.48314
2.50076
2.47432
2.48517
2.34
2.25311
2.20674
2.22098
2.26524
2.2867
2.33667
2.4331
2.44462
2.36353
2.25578
2.16274
2.13715
2.14102
2.16924
2.21381
2.25949
2.25997
2.25564
2.18777
2.12446
2.06079
1.99372
2.0019
2.02659
2.06405
2.08748
2.08973
2.06455
2.1026
2.05649
2.01923
1.96533
1.97544
1.99758
2.06758
2.08994
2.11356
2.05051
2.23747
2.10733
2.02211
2.02663
2.01821
2.03443
2.06588
2.085
2.13762
2.1597
2.34919
2.28879
2.24353
2.20494
2.19438
2.18106
2.22089
2.2743
2.28402
2.34251
2.3843
2.30744
2.27382
2.26872
2.24242
2.24723
2.30895
2.33794
2.34893
2.34844
2.2191
2.1812
2.19907
2.24808
2.24384
2.26938
2.32191
2.34913
2.34479
2.35089
2.4375
2.40967
2.40969
2.48873
2.53571
2.61389
2.6615
2.68681
2.69905
2.67745
2.49732
2.47534
2.47755
2.45589
2.46006
2.50628
2.48516
2.49651
2.47875
2.40469
2.34222
2.25263
2.20147
2.22097
2.26192
2.28985
2.334
2.43462
2.44311
2.39343
2.25533
2.16372
2.13788
2.141
2.16974
2.21065
2.25805
2.25998
2.25467
2.17344
2.12303
2.05961
1.99277
2.00093
2.02466
2.06639
2.08851
2.09016
2.06248
1.98111
2.05215
2.02242
1.96488
1.977
2.00705
2.06877
2.0905
2.1162
2.05691
1.97719
2.10078
2.03444
2.02898
2.01541
2.03359
2.07406
2.08474
2.14766
2.17022
2.1088
2.28612
2.25331
2.20359
2.19731
2.17896
2.23705
2.27244
2.2938
2.34048
2.30596
2.3062
2.26825
2.26758
2.24745
2.24525
2.31767
2.34448
2.34749
2.36002
2.39614
2.18249
2.1894
2.24346
2.24486
2.26751
2.32084
2.34187
2.35283
2.35175
2.29046
2.40612
2.40542
2.47799
2.53334
2.60789
2.65158
2.6925
2.69667
2.67455
2.63794
2.48198
2.48122
2.45233
2.45711
2.50664
2.47957
2.49409
2.47936
2.40604
2.3339
2.25167
2.2008
2.22341
2.26369
2.2881
2.33479
2.43375
2.44133
2.39424
2.35131
2.16354
2.13799
2.14224
2.17042
2.21027
2.25806
2.2598
2.25545
2.17371
2.11086
2.05918
1.99063
2.00192
2.02803
2.06867
2.08861
2.0918
2.06396
1.98005
1.94563
2.02142
1.96482
1.97946
2.00717
2.06989
2.09588
2.1157
2.05792
1.97818
1.92984
2.03161
2.02952
2.01096
2.03082
2.07895
2.08472
2.15356
2.17024
2.11457
2.05425
2.26025
2.20748
2.1958
2.18662
2.23679
2.28235
2.30592
2.3536
2.31288
2.27715
2.2698
2.26499
2.24436
2.25406
2.33167
2.33173
2.35628
2.37893
2.3967
2.34565
2.18573
2.237
2.23352
2.27113
2.3231
2.34612
2.35957
2.34767
2.28697
2.27677
2.40916
2.46754
2.53061
2.60429
2.65108
2.68484
2.7001
2.68001
2.63283
2.59646
2.47808
2.45079
2.45237
2.49896
2.47651
2.49095
2.48021
2.40632
2.3302
2.21863
2.19936
2.21911
2.2659
2.28721
2.3374
2.42649
2.43383
2.39101
2.34534
2.3096
2.13773
2.14179
2.17027
2.20969
2.25753
2.26038
2.25549
2.17246
2.11073
2.04052
1.98649
2.00409
2.02883
2.07003
2.08785
2.09485
2.06235
1.9828
1.95152
1.88925
1.9658
1.97651
2.00892
2.07506
2.10677
2.12484
2.06108
1.98407
1.93529
1.90287
2.02602
2.01232
2.02923
2.08099
2.09091
2.16345
2.16825
2.11873
2.0591
2.02764
2.21206
2.19057
2.18555
2.24011
2.28702
2.32517
2.35795
2.31581
2.27795
2.2294
2.26885
2.24133
2.26471
2.33647
2.33511
2.35596
2.38174
2.39859
2.35479
2.30529
2.23355
2.23259
2.26078
2.3204
2.33901
2.35531
2.33476
2.2878
2.28389
2.27514
2.45598
2.51616
2.60307
2.65316
2.67968
2.71177
2.67605
2.63131
2.59513
2.56248
2.44697
2.44761
2.49563
2.47416
2.48186
2.48262
2.40164
2.3297
2.21952
2.16409
2.22029
2.26558
2.28417
2.33765
2.4277
2.43412
2.38922
2.34916
2.3071
2.21559
2.14559
2.16955
2.20997
2.25752
2.26093
2.25526
2.17226
2.11228
2.03845
1.98266
2.0079
2.02752
2.07072
2.0853
2.09283
2.06264
1.98359
1.95135
1.88986
1.82773
1.97273
2.00876
2.07833
2.10783
2.12687
2.06079
1.98524
1.93962
1.90801
1.8782
2.01703
2.03816
2.08992
2.09474
2.15641
2.17267
2.1208
2.05681
2.04358
2.0005
2.1889
2.19574
2.24303
2.28639
2.32693
2.36854
2.32357
2.2734
2.24042
2.24162
2.24546
2.26236
2.33419
2.34248
2.35342
2.39335
2.39497
2.34746
2.31059
2.29002
2.23128
2.25068
2.32241
2.33096
2.35318
2.33444
2.28593
2.28698
2.26481
2.20996
2.51974
2.60476
2.64979
2.67595
2.70686
2.68758
2.63244
2.59019
2.55471
2.49636
2.44404
2.48999
2.48211
2.483
2.47687
2.39617
2.33034
2.21396
2.15952
2.16277
2.25931
2.28402
2.33779
2.42745
2.4354
2.38407
2.34913
2.30311
2.20889
2.21221
2.17046
2.20843
2.2576
2.261
2.25463
2.17271
2.11046
2.03739
1.98177
1.95454
2.03129
2.07105
2.08535
2.09411
2.06647
1.98457
1.95057
1.89089
1.82795
1.75789
2.01272
2.07786
2.10698
2.12837
2.06775
1.9811
1.94428
1.91005
1.87907
1.80366
2.03906
2.09117
2.10485
2.15969
2.18011
2.1225
2.05695
2.04272
2.00597
1.96123
2.20962
2.25293
2.28187
2.33427
2.37318
2.32195
2.26573
2.2524
2.24939
2.21479
2.27931
2.33455
2.35359
2.36924
2.40716
2.40055
2.36024
2.3121
2.29034
2.26821
2.24268
2.31466
2.34049
2.34961
2.33345
2.28543
2.27525
2.26117
2.20767
2.19293
2.58688
2.65551
2.66688
2.70658
2.67546
2.62881
2.59086
2.54547
2.49531
2.42721
2.48169
2.48243
2.48867
2.47424
2.3934
2.32314
2.21805
2.16479
2.16025
2.15378
2.28383
2.33288
2.42712
2.43374
2.38144
2.34602
2.30248
2.20596
2.2058
2.20534
2.2085
2.2569
2.26128
2.25511
2.17489
2.11199
2.03903
1.98236
1.95612
1.95369
2.07032
2.08633
2.0921
2.06605
1.98174
1.95065
1.89099
1.83082
1.75909
1.72067
2.07608
2.10768
2.13869
2.07319
1.98773
1.94092
1.9162
1.88672
1.81024
1.81649
2.09398
2.10741
2.16377
2.18087
2.12144
2.06575
2.04751
2.01033
1.95512
1.90359
2.25636
2.28605
2.34406
2.37664
2.32795
2.27087
2.25536
2.25082
2.21474
2.18316
2.33456
2.36215
2.38159
2.41737
2.40385
2.37968
2.3205
2.29928
2.27881
2.27154
2.30534
2.32935
2.33883
2.33742
2.28095
2.27004
2.24779
2.2074
2.18274
2.18073
2.64854
2.66488
2.70856
2.6947
2.61952
2.59264
2.5463
2.49589
2.42283
2.35011
2.48442
2.48178
2.47174
2.39494
2.32076
2.21369
2.15895
2.1576
2.15594
2.13642
2.33559
2.42552
2.43219
2.37888
2.34898
2.30078
2.20512
2.20252
2.20496
2.08161
2.25634
2.262
2.25702
2.17556
2.11094
2.03728
1.98147
1.955
1.95297
1.87646
2.08683
2.09184
2.06601
1.9805
1.95034
1.89014
1.82763
1.76133
1.71986
1.6635
2.11411
2.14111
2.07815
1.98905
1.94731
1.91633
1.88711
1.80644
1.82031
1.74213
2.10978
2.17345
2.18344
2.12859
2.07401
2.04737
2.01259
1.9539
1.90002
1.8668
2.2851
2.3478
2.37608
2.33549
2.28566
2.26131
2.26337
2.21734
2.18689
2.10705
2.35848
2.3854
2.40843
2.41073
2.37012
2.3317
2.31557
2.28623
2.28122
2.27105
2.31886
2.3401
2.3381
2.28656
2.2683
2.23757
2.20475
2.18449
2.18316
2.16865
2.6594
2.71765
2.69525
2.61196
2.59334
2.53553
2.49639
2.42219
2.34394
2.26797
2.48267
2.4734
2.40085
2.32756
2.21454
2.15772
2.15902
2.15872
2.13807
2.11599
2.42631
2.43274
2.3828
2.34814
2.29741
2.20488
2.20028
2.20001
2.07462
2.05603
2.26268
2.2551
2.17568
2.11151
2.03558
1.98214
1.95531
1.95305
1.87543
1.82797
2.08721
2.06917
1.97943
1.95343
1.89044
1.82947
1.76132
1.72346
1.66141
1.6454
2.14213
2.08064
1.98998
1.94324
1.91652
1.88998
1.8086
1.82411
1.74613
1.70397
2.1752
2.18851
2.12568
2.07797
2.0497
2.01508
1.95669
1.90675
1.86947
1.86951
2.34551
2.38172
2.33796
2.28425
2.26738
2.26728
2.21528
2.19099
2.10987
2.04555
2.37809
2.40189
2.41716
2.3702
2.33549
2.32545
2.29055
2.28066
2.26319
2.23058
2.34263
2.32906
2.28832
2.26633
2.23107
2.2034
2.18673
2.17673
2.16546
2.16909
2.71662
2.68881
2.60829
2.58449
2.53509
2.49308
2.42148
2.3437
2.26041
2.21941
2.48599
2.41767
2.32134
2.21116
2.15327
2.15849
2.15845
2.1315
2.11121
2.15879
2.42944
2.38016
2.34389
2.29691
2.20594
2.20587
2.20418
2.07214
2.05412
2.03046
2.25436
2.17592
2.10992
2.03574
1.98242
1.9549
1.95316
1.87537
1.8287
1.84038
2.06866
1.98075
1.95341
1.89272
1.82808
1.76215
1.72444
1.66443
1.64289
1.63733
2.08579
1.99317
1.94585
1.91992
1.89179
1.81344
1.82543
1.74519
1.70761
1.69834
2.19413
2.12934
2.0817
2.05855
2.0175
1.95605
1.90759
1.86999
1.87685
1.83554
2.37759
2.34047
2.28819
2.26859
2.26702
2.22388
2.19154
2.11257
2.05594
2.04332
2.39905
2.41426
2.37885
2.33733
2.33516
2.29123
2.2914
2.24507
2.23062
2.18955
2.33378
2.28467
2.26426
2.22888
2.20175
2.18914
2.17105
2.15581
2.16914
2.14564
2.67712
2.60766
2.57994
2.5321
2.49349
2.41939
2.33965
2.25258
2.21552
2.14701
2.42315
2.31762
2.21428
2.15265
2.14546
2.15867
2.12165
2.1128
2.15876
2.13879
2.37945
2.34129
2.2985
2.20989
2.20723
2.20195
2.07311
2.05444
2.02809
1.98646
2.17815
2.1094
2.03578
1.98258
1.95456
1.95319
1.87548
1.82959
1.84081
1.83403
1.97973
1.95228
1.89293
1.82904
1.76241
1.72704
1.6643
1.64248
1.63438
1.67149
1.99813
1.94733
1.92134
1.896
1.81512
1.83031
1.74806
1.71294
1.69723
1.71123
2.13178
2.08564
2.06006
2.01849
1.96162
1.91206
1.87328
1.87388
1.84163
1.85919
2.34494
2.29478
2.27675
2.27105
2.21756
2.19363
2.10643
2.05272
2.0448
2.04405
2.40556
2.38726
2.33298
2.33326
2.28332
2.30155
2.25141
2.22774
2.18608
2.21377
2.26824
2.26338
2.21926
2.20045
2.19121
2.16431
2.14816
2.17035
2.14379
2.17191
2.60855
2.57333
2.52415
2.48863
2.41499
2.33644
2.24579
2.2074
2.14659
2.16409
2.31469
2.21307
2.15346
2.14646
2.15942
2.12032
2.11099
2.16089
2.14163
2.15406
2.34049
2.29687
2.21028
2.20479
2.19368
2.07338
2.05327
2.02722
1.99
1.98763
2.1077
2.04113
1.97917
1.95423
1.95287
1.87857
1.83032
1.83959
1.83298
1.83433
1.95084
1.89422
1.83011
1.75842
1.72506
1.66683
1.64389
1.63412
1.67349
1.68342
1.94596
1.91921
1.89991
1.81104
1.83154
1.74913
1.71131
1.70149
1.7107
1.76707
2.09008
2.06539
2.0231
1.96348
1.91621
1.87671
1.87184
1.84558
1.85567
1.91707
2.30234
2.27551
2.27724
2.21206
2.18992
2.09719
2.05559
2.04391
2.04244
2.07493
2.39173
2.33887
2.33273
2.28586
2.30218
2.24823
2.22304
2.19461
2.21898
2.24785
2.25781
2.21421
2.19414
2.17902
2.16936
2.12965
2.16117
2.14168
2.16468
2.19813
2.55841
2.51757
2.48014
2.41621
2.33162
2.23877
2.20507
2.15238
2.16495
2.16743
2.21192
2.14697
2.14223
2.15389
2.11942
2.11963
2.155
2.14119
2.1559
2.18659
2.29872
2.2109
2.20624
2.19902
2.07118
2.05343
2.03094
1.99556
1.9907
1.98605
2.04067
1.97882
1.9537
1.9505
1.8769
1.83111
1.84033
1.83292
1.83532
1.85563
1.89483
1.82882
1.75724
1.72032
1.66379
1.64199
1.63575
1.67283
1.68502
1.71603
1.92154
1.89612
1.81615
1.83194
1.75228
1.71385
1.7024
1.713
1.76887
1.7933
2.07361
2.02613
1.96458
1.9202
1.87882
1.87356
1.84545
1.86455
1.91435
1.95343
2.27659
2.28159
2.21875
2.18202
2.09649
2.05693
2.05242
2.03791
2.07492
2.10615
2.34161
2.32953
2.28498
2.30392
2.24927
2.22731
2.18629
2.21999
2.25026
2.27792
2.21049
2.20272
2.16126
2.16557
2.11525
2.15636
2.13989
2.16645
2.20354
2.22421
2.51218
2.47443
2.41696
2.32099
2.2356
2.20705
2.16039
2.16607
2.16431
2.20608
2.15308
2.14189
2.15186
2.11436
2.11596
2.1517
2.13233
2.15212
2.18432
2.22101
2.20971
2.20183
2.19794
2.07117
2.05861
2.03173
1.99264
1.98792
1.9859
2.03757
1.97877
1.95359
1.95274
1.87806
1.83155
1.8407
1.83289
1.83576
1.85636
1.87259
1.83093
1.76033
1.71922
1.66346
1.63771
1.63967
1.67311
1.68503
1.71596
1.74183
1.89677
1.81684
1.83548
1.75259
1.7164
1.70282
1.7141
1.77104
1.79416
1.80515
2.03321
1.96304
1.92753
1.88169
1.87468
1.84953
1.86395
1.91358
1.95396
1.97798
2.28739
2.21898
2.18306
2.09612
2.06065
2.05448
2.04038
2.06833
2.1052
2.09784
2.3228
2.27986
2.30385
2.246
2.22437
2.1877
2.21719
2.24391
2.27476
2.26028
2.20188
2.15898
2.1597
2.10945
2.16378
2.14049
2.16438
2.19544
2.22339
2.2642
2.46916
2.41801
2.32836
2.23335
2.20498
2.1549
2.15711
2.16572
2.21388
2.22546
2.14328
2.14085
2.11696
2.11579
2.14805
2.12729
2.14995
2.18589
2.22867
2.24328
2.19978
2.19174
2.0677
2.06106
2.02919
1.99583
1.9914
1.98509
2.03466
2.04683
1.95409
1.95215
1.87677
1.83095
1.84193
1.83224
1.83333
1.85649
1.8722
1.89707
1.75976
1.72138
1.66323
1.63739
1.64215
1.67331
1.68598
1.71426
1.74217
1.77799
1.81721
1.83292
1.75289
1.71714
1.70127
1.71147
1.77016
1.79444
1.80792
1.84533
1.97085
1.92588
1.88446
1.87858
1.85039
1.86832
1.9143
1.95158
1.97442
1.99975
2.2195
2.18359
2.09198
2.05653
2.04995
2.04581
2.0696
2.1128
2.09149
2.11903
2.28732
2.29559
2.25491
2.22927
2.20001
2.21175
2.23652
2.26875
2.25574
2.29911
2.16649
2.15455
2.113
2.15939
2.14165
2.16559
2.19825
2.22205
2.26885
2.29621
2.42187
2.32996
2.23374
2.20689
2.15422
2.15623
2.16635
2.20851
2.22776
2.28107
2.13673
2.12021
2.11326
2.14972
2.13127
2.14997
2.18715
2.22998
2.2499
2.29661
2.18962
2.06911
2.05929
2.02939
1.99512
1.98739
1.98514
2.0351
2.04835
2.07799
1.95079
1.8766
1.83058
1.84175
1.83194
1.83322
1.85822
1.87273
1.89687
1.92458
1.72091
1.65844
1.63841
1.64049
1.67088
1.68998
1.70912
1.73958
1.77815
1.77855
1.83451
1.75871
1.72134
1.70146
1.712
1.77143
1.79414
1.80944
1.8452
1.87483
1.92376
1.88678
1.88153
1.8468
1.87182
1.91696
1.9542
1.97206
1.99574
1.98468
2.18968
2.08777
2.06141
2.05386
2.04906
2.06604
2.10785
2.0876
2.11529
2.14932
2.29736
2.25292
2.23129
2.20398
2.21198
2.23453
2.26686
2.24462
2.28611
2.29448
2.14895
2.11155
2.1651
2.14617
2.16193
2.19598
2.22331
2.26702
2.3025
2.34245
2.32762
2.23252
2.20452
2.15178
2.15123
2.17362
2.20412
2.23502
2.28639
2.32162
2.11835
2.1147
2.15131
2.1332
2.14127
2.1907
2.22678
2.24122
2.28971
2.30461
2.07031
2.05815
2.02526
1.99095
1.98842
1.98573
2.0356
2.04992
2.07711
2.11954
1.87615
1.83093
1.84015
1.83108
1.83282
1.8598
1.87239
1.89618
1.92621
1.94153
1.65891
1.63372
