140 7
193 7
179 7
155 7
155 7
147 8
189 8
189 8
163 8
137 9
173 9
148 9
136 9
134 9
134 9
109 10
178 10
219 11
199 11
175 12
175 12
225 12
198 12
219 13
219 13
188 13
179 14
242 14
206 14
181 14
235 15
235 15
246 16
215 16
237 17
225 17
225 17
192 17
181 17
182 18
244 18
199 18
199 18
195 19
250 19
227 19
227 20
271 20
220 20
210 20
210 21
247 21
236 21
208 21
208 22
248 22
217 22
217 22
184 22
184 23
223 23
223 24
228 24
206 24
256 25
225 25
225 25
190 25
235 27
275 27
275 27
233 27
249 28
249 29
272 29
256 30
239 30
239 30
203 30
203 31
238 31
224 31
260 32
260 32
227 34
248 34
248 35
250 35
278 36
262 36
262 37
243 39
286 39
267 39
265 41
265 42
263 42
219 42
219 40
241 41
210 42
240 42
240 43
249 43
249 43
245 44
214 44
186 44
223 45
223 45
205 45
175 45
192 46
172 46
172 46
186 46
158 46
146 46
181 46
