143
143
194
215
215
188
215
215
241
236
188
188
204
204
185
185
174
208
200
200
250
253
201
201
172
223
223
216
245
201
201
201
183
222
222
241
242
242
262
257
225
193
193
253
226
226
252
251
224
224
276
239
241
223
206
237
237
254
198
227
227
241
241
256
266
254
254
219
248
256
256
271
271
250
258
218
218
218
235
223
237
237
235
235
256
245
231
231
233
233
222
238
238
229
223
223
254
218
218
232
232
260
234
234
232
235
235
205
216
219
219
233
244
244
223
228
228
231
237
237
214
209
195
196
196
236
262
